test-shape-0:(0.04639918927554182, -0.003421357078780678, 0.03850312541671819)
test-shape-1:(0.049489308383914674, 0.05813579260837527, 0.0436089835434343)
test-shape-2:(0.050217675951755136, 0.04935529996335751, 0.012012027454259177)
test-shape-3:(0.050812181970102156, 0.002988225203165537, 0.018017695291134977)
test-shape-4:(0.03870738073323748, -0.015061324769107522, 0.037563018572124324)
test-shape-5:(0.02494214829739614, 0.003458348566526031, 0.02853927671245888)
test-shape-6:(0.052545800070576916, 0.008045253621591253, 0.026271627907464436)
test-shape-7:(0.04876343207031979, 0.05752482323108064, 0.02482260162577212)
test-shape-8:(0.05812866543833942, -0.010772772731188297, 0.025739962274966666)
test-shape-9:(0.061527136078869116, 0.02347647047283121, 0.0264808456271364)
test-shape-10:(0.06619389170548137, 0.08943053456644309)
test-shape-11:(0.027199160076007575, 0.05768137334683437)
test-shape-12:(0.04836057271816392, 0.06285309690022435)
test-shape-13:(0.06720924649631779, 0.08224165773489243)
test-shape-14:(0.03295512272057157, 0.03604453275487235)
test-shape-15:(0.08974715902163362, 0.011630765246298748)
test-shape-16:(0.058669335454527564, 0.03362292080713793)
test-shape-17:(0.015147106101013837, 0.06151980072349036)
test-shape-18:(0.03196026434076659, 0.06273627529444817)
test-shape-19:(0.04132276153646311, 0.06052926042482052)
