train-shape-0:(0.031740215389748846, 0.018842260785298742, 0.04779299825335394)
train-shape-1:(0.044573636881355516, 0.006582639106370587, 0.04540724672861712)
train-shape-2:(0.06917774045440299, 0.00053194678823653, 0.035489257548587574)
train-shape-3:(0.04549176719822712, -0.01049391488468035, 0.032413063792663274)
train-shape-4:(0.052057969495406045, -0.01601946972548165, 0.02722064160037431)
train-shape-5:(0.055421537716951394, 0.06638522546221651, 0.04497206737477824)
train-shape-6:(0.0440271130408892, 0.01734678376655679, 0.023067885544093416)
train-shape-7:(0.04608822033153666, 0.05534133046673062, 0.05501653789676943)
train-shape-8:(0.03759124860914578, 0.03827628538850116, 0.03710076712211698)
train-shape-9:(0.03352619307128951, -0.0013562452792423955, 0.03759541826828611)
train-shape-10:(0.06683702482274378, 0.011430740737658127, 0.052367607553562706)
train-shape-11:(0.027462627212007172, 0.033800800988500815, 0.050999344015095927)
train-shape-12:(0.044843615551543765, 0.04137603541575581, 0.045872606695714475)
train-shape-13:(0.034869162253889946, 0.001376703049544032, 0.04151777239951504)
train-shape-14:(0.04419132298195684, 0.015228533347363134, 0.030728774956978698)
train-shape-15:(0.05936948894757487, -0.01686510701007999, 0.051038143929525485)
train-shape-16:(0.05280242356962265, 0.07145787122828509, 0.021401427356609784)
train-shape-17:(0.030093196444377673, 0.021194554138829563, 0.04413402542230516)
train-shape-18:(0.05883820423597392, -0.022537215561362525, 0.04349928453950298)
train-shape-19:(0.056745723217047316, -0.012381381416336755, 0.054297305030933565)
train-shape-20:(0.031022294036875193, 0.057969401582751705)
train-shape-21:(0.07272374338999386, 0.03209809778439582)
train-shape-22:(0.0775523330421934, 0.07962330678011909)
train-shape-23:(0.052216167812642725, 0.040714479146386394)
train-shape-24:(0.04801131263635712, 0.0394041481160422)
train-shape-25:(0.0751158049626284, 0.0612732418853675)
train-shape-26:(0.03904975847511892, 0.06827819744022473)
train-shape-27:(0.06195464411462421, 0.0490425805629293)
train-shape-28:(0.06406211364908301, 0.04882895740687061)
train-shape-29:(0.039727766817904464, 0.07189214581477595)
train-shape-30:(0.07059711502846995, 0.028285904328794586)
train-shape-31:(0.02855573722543326, 0.05330352837369946)
train-shape-32:(0.04522833369245864, 0.04739124207469563)
train-shape-33:(0.035757485586014603, 0.04310857249033898)
train-shape-34:(0.04031794740392346, 0.04825635636176486)
train-shape-35:(0.05519572507528597, 0.03509443607127618)
train-shape-36:(0.06557306530089577, 0.06250435808646801)
train-shape-37:(0.037524486937857114, 0.05238787333425767)
train-shape-38:(0.050475153864478366, 0.07973350314340565)
train-shape-39:(0.0464287638904314, 0.07361175323229296)
